Pallet: "balances", Extrinsic: "transfer", Lowest values: [], Highest values: [], Steps: [20], Repeat: 2
u,e,extrinsic_time,storage_root_time
1,1000,2064000,1756000
1,1000,1977000,2010000
50,1000,2357000,1796000
50,1000,2273000,2127000
99,1000,279000,67000
99,1000,603000,67000
148,1000,2147000,1817000
148,1000,2695000,2120000
197,1000,520000,101000
197,1000,282000,90000
246,1000,2437000,1957000
246,1000,2659000,2266000
295,1000,2014000,2022000
295,1000,2276000,1740000
344,1000,287000,70000
344,1000,882000,78000
393,1000,2884000,2152000
393,1000,2458000,2123000
442,1000,412000,75000
442,1000,415000,72000
491,1000,2657000,2189000
491,1000,2089000,1791000
540,1000,304000,679000
540,1000,301000,72000
589,1000,310000,75000
589,1000,274000,73000
638,1000,1957000,1720000
638,1000,2153000,1730000
687,1000,321000,66000
687,1000,320000,71000
736,1000,2161000,1817000
736,1000,1941000,1708000
785,1000,2200000,1743000
785,1000,2040000,1846000
834,1000,2513000,1813000
834,1000,2014000,1697000
883,1000,2114000,1801000
883,1000,1989000,1736000
932,1000,2089000,1710000
932,1000,2148000,1704000
981,1000,2017000,1717000
981,1000,2220000,1742000
1000,2,2221000,1731000
1000,2,2024000,1721000
1000,51,1995000,1711000
1000,51,2291000,1861000
1000,100,2020000,1837000
1000,100,1983000,1753000
1000,149,2359000,1940000
1000,149,2380000,1715000
1000,198,1998000,1727000
1000,198,2426000,1797000
1000,247,2036000,1839000
1000,247,2130000,1730000
1000,296,2082000,1713000
1000,296,1977000,1709000
1000,345,2036000,2005000
1000,345,1984000,1735000
1000,394,1974000,1731000
1000,394,2231000,1758000
1000,443,2362000,1715000
1000,443,2056000,1732000
1000,492,1979000,1715000
1000,492,1962000,1680000
1000,541,2065000,1717000
1000,541,1942000,1675000
1000,590,1917000,1665000
1000,590,2149000,1706000
1000,639,1970000,2255000
1000,639,2133000,1785000
1000,688,2046000,1736000
1000,688,2327000,1723000
1000,737,1997000,1712000
1000,737,2026000,1749000
1000,786,2202000,1760000
1000,786,2015000,1743000
1000,835,2133000,1719000
1000,835,2122000,1711000
1000,884,2013000,1726000
1000,884,2216000,1723000
1000,933,2020000,1814000
1000,933,2144000,1764000
1000,982,2038000,1723000
1000,982,2273000,1733000

Median Slopes Analysis
========

Model:
Time ~=     2013
    + u    0.034
    + e        0
              µs

Min Squares Analysis
========

Data points distribution:
    u     e   mean µs  sigma µs       %
    1  1000      2020      43.5    2.1%
   50  1000      2315        42    1.8%
   99  1000       441       162   36.7%
  148  1000      2421       274   11.3%
  197  1000       401       119   29.6%
  246  1000      2548       111    4.3%
  295  1000      2145       131    6.1%
  344  1000     584.5     297.5   50.8%
  393  1000      2671       213    7.9%
  442  1000     413.5       1.5    0.3%
  491  1000      2373       284   11.9%
  540  1000     302.5       1.5    0.4%
  589  1000       292        18    6.1%
  638  1000      2055        98    4.7%
  687  1000     320.5       0.5    0.1%
  736  1000      2051       110    5.3%
  785  1000      2120        80    3.7%
  834  1000      2263     249.5   11.0%
  883  1000      2051      62.5    3.0%
  932  1000      2118      29.5    1.3%
  981  1000      2118     101.5    4.7%
 1000     2      2122      98.5    4.6%
 1000    51      2143       148    6.9%
 1000   100      2001      18.5    0.9%
 1000   149      2369      10.5    0.4%
 1000   198      2212       214    9.6%
 1000   247      2083        47    2.2%
 1000   296      2029      52.5    2.5%
 1000   345      2010        26    1.2%
 1000   394      2102     128.5    6.1%
 1000   443      2209       153    6.9%
 1000   492      1970       8.5    0.4%
 1000   541      2003      61.5    3.0%
 1000   590      2033       116    5.7%
 1000   639      2051      81.5    3.9%
 1000   688      2186     140.5    6.4%
 1000   737      2011      14.5    0.7%
 1000   786      2108      93.5    4.4%
 1000   835      2127       5.5    0.2%
 1000   884      2114     101.5    4.8%
 1000   933      2082        62    2.9%
 1000   982      2155     117.5    5.4%

Quality and confidence:
param     error
u         0.269
e         0.269

Model:
Time ~=     1673
    + u    0.521
    + e        0
              µs

