Pallet: "balances", Extrinsic: "transfer", Lowest values: [], Highest values: [], Steps: [20], Repeat: 2
u,e,extrinsic_time,storage_root_time
1,1000,2642000,1560000
1,1000,1834000,1510000
50,1000,1795000,1527000
50,1000,1689000,1466000
99,1000,272000,66000
99,1000,390000,72000
148,1000,1795000,1519000
148,1000,1743000,1472000
197,1000,268000,66000
197,1000,271000,65000
246,1000,1852000,1482000
246,1000,1788000,1488000
295,1000,1794000,1568000
295,1000,2451000,1556000
344,1000,571000,96000
344,1000,288000,70000
393,1000,2100000,1511000
393,1000,1816000,1495000
442,1000,452000,70000
442,1000,363000,116000
491,1000,1783000,1621000
491,1000,1818000,1549000
540,1000,430000,138000
540,1000,272000,73000
589,1000,262000,74000
589,1000,419000,68000
638,1000,1711000,1472000
638,1000,2199000,1569000
687,1000,271000,64000
687,1000,273000,64000
736,1000,1765000,1473000
736,1000,2343000,1574000
785,1000,1765000,1500000
785,1000,1781000,1470000
834,1000,1711000,1473000
834,1000,1778000,1481000
883,1000,1739000,1501000
883,1000,1960000,1560000
932,1000,1924000,1475000
932,1000,1747000,1486000
981,1000,1789000,1524000
981,1000,1816000,1485000
1000,2,1866000,1466000
1000,2,1739000,1489000
1000,51,1917000,1516000
1000,51,1755000,1505000
1000,100,1910000,1484000
1000,100,2303000,1555000
1000,149,1908000,1483000
1000,149,1700000,1465000
1000,198,1781000,1571000
1000,198,1717000,1480000
1000,247,1719000,1479000
1000,247,1764000,1476000
1000,296,1718000,1470000
1000,296,1914000,1507000
1000,345,1792000,1483000
1000,345,1747000,1469000
1000,394,1729000,1472000
1000,394,1804000,1483000
1000,443,1843000,1561000
1000,443,1966000,1509000
1000,492,1889000,1478000
1000,492,1788000,1895000
1000,541,1765000,1481000
1000,541,1932000,1519000
1000,590,1718000,1472000
1000,590,1732000,1465000
1000,639,1728000,1482000
1000,639,1756000,1504000
1000,688,1698000,1472000
1000,688,1773000,1479000
1000,737,1767000,1560000
1000,737,1728000,1481000
1000,786,1780000,1506000
1000,786,1799000,1476000
1000,835,1863000,1459000
1000,835,2887000,3170000
1000,884,1744000,1503000
1000,884,1727000,1498000
1000,933,1764000,1515000
1000,933,1756000,1478000
1000,982,1736000,1473000
1000,982,1717000,1469000

Median Slopes Analysis
========

Model:
Time ~=     1787
    + u    0.028
    + e        0
              µs

Min Squares Analysis
========

Data points distribution:
    u     e   mean µs  sigma µs       %
    1  1000      2238       404   18.0%
   50  1000      1742        53    3.0%
   99  1000       331        59   17.8%
  148  1000      1769        26    1.4%
  197  1000     269.5       1.5    0.5%
  246  1000      1820        32    1.7%
  295  1000      2122     328.5   15.4%
  344  1000     429.5     141.5   32.9%
  393  1000      1958       142    7.2%
  442  1000     407.5      44.5   10.9%
  491  1000      1800      17.5    0.9%
  540  1000       351        79   22.5%
  589  1000     340.5      78.5   23.0%
  638  1000      1955       244   12.4%
  687  1000       272         1    0.3%
  736  1000      2054       289   14.0%
  785  1000      1773         8    0.4%
  834  1000      1744      33.5    1.9%
  883  1000      1849     110.5    5.9%
  932  1000      1835      88.5    4.8%
  981  1000      1802      13.5    0.7%
 1000     2      1802      63.5    3.5%
 1000    51      1836        81    4.4%
 1000   100      2106     196.5    9.3%
 1000   149      1804       104    5.7%
 1000   198      1749        32    1.8%
 1000   247      1741      22.5    1.2%
 1000   296      1816        98    5.3%
 1000   345      1769      22.5    1.2%
 1000   394      1766      37.5    2.1%
 1000   443      1904      61.5    3.2%
 1000   492      1838      50.5    2.7%
 1000   541      1848      83.5    4.5%
 1000   590      1725         7    0.4%
 1000   639      1742        14    0.8%
 1000   688      1735      37.5    2.1%
 1000   737      1747      19.5    1.1%
 1000   786      1789       9.5    0.5%
 1000   835      2375       512   21.5%
 1000   884      1735       8.5    0.4%
 1000   933      1760         4    0.2%
 1000   982      1726       9.5    0.5%

Quality and confidence:
param     error
u         0.231
e         0.231

Model:
Time ~=     1365
    + u    0.532
    + e        0
              µs

