Pallet: "balances", Extrinsic: "transfer", Lowest values: [], Highest values: [], Steps: [20], Repeat: 2
u,e,extrinsic_time,storage_root_time
1,1000,22078000,254000
1,1000,11625000,155000
50,1000,7820000,139000
50,1000,568000,136000
99,1000,650000,154000
99,1000,609000,157000
148,1000,569000,145000
148,1000,555000,141000
197,1000,658000,148000
197,1000,596000,131000
246,1000,617000,140000
246,1000,620000,146000
295,1000,628000,145000
295,1000,12967000,151000
344,1000,619000,4709000
344,1000,414000,139000
393,1000,6196000,133000
393,1000,631000,125000
442,1000,599000,147000
442,1000,649000,122000
491,1000,414000,131000
491,1000,332000,107000
540,1000,621000,140000
540,1000,615000,138000
589,1000,610000,145000
589,1000,603000,149000
638,1000,5284000,144000
638,1000,622000,138000
687,1000,645000,119000
687,1000,816000,195000
736,1000,601000,146000
736,1000,633000,153000
785,1000,646000,196000
785,1000,599000,143000
834,1000,578000,147000
834,1000,539000,151000
883,1000,591000,147000
883,1000,611000,163000
932,1000,7390000,399000
932,1000,598000,133000
981,1000,610000,142000
981,1000,11939000,447000
1000,2,632000,162000
1000,2,819000,113000
1000,51,627000,138000
1000,51,545000,137000
1000,100,532000,125000
1000,100,733000,174000
1000,149,692000,171000
1000,149,592000,146000
1000,198,769000,201000
1000,198,581000,145000
1000,247,457000,117000
1000,247,547000,143000
1000,296,566000,148000
1000,296,600000,147000
1000,345,7970000,476000
1000,345,6556000,392000
1000,394,606000,143000
1000,394,506000,117000
1000,443,5484000,430000
1000,443,783000,184000
1000,492,548000,157000
1000,492,585000,137000
1000,541,581000,138000
1000,541,660000,173000
1000,590,647000,151000
1000,590,585000,145000
1000,639,586000,148000
1000,639,7164000,448000
1000,688,15780000,427000
1000,688,551000,144000
1000,737,13104000,407000
1000,737,620000,153000
1000,786,560000,150000
1000,786,11015000,487000
1000,835,417000,153000
1000,835,411000,143000
1000,884,544000,145000
1000,884,654000,175000
1000,933,549000,143000
1000,933,631000,185000
1000,982,585000,146000
1000,982,577000,172000

Median Slopes Analysis
========

Model:
Time ~=    655.7
    + u        0
    + e        0
              µs

Min Squares Analysis
========

Data points distribution:
    u     e   mean µs  sigma µs       %
    1  1000     16850      5226   31.0%
   50  1000      4194      3626   86.4%
   99  1000     629.5      20.5    3.2%
  148  1000       562         7    1.2%
  197  1000       627        31    4.9%
  246  1000     618.5       1.5    0.2%
  295  1000      6797      6169   90.7%
  344  1000     516.5     102.5   19.8%
  393  1000      3413      2782   81.5%
  442  1000       624        25    4.0%
  491  1000       373        41   10.9%
  540  1000       618         3    0.4%
  589  1000     606.5       3.5    0.5%
  638  1000      2953      2331   78.9%
  687  1000     730.5      85.5   11.7%
  736  1000       617        16    2.5%
  785  1000     622.5      23.5    3.7%
  834  1000     558.5      19.5    3.4%
  883  1000       601        10    1.6%
  932  1000      3994      3396   85.0%
  981  1000      6274      5664   90.2%
 1000     2     725.5      93.5   12.8%
 1000    51       586        41    6.9%
 1000   100     632.5     100.5   15.8%
 1000   149       642        50    7.7%
 1000   198       675        94   13.9%
 1000   247       502        45    8.9%
 1000   296       583        17    2.9%
 1000   345      7263       707    9.7%
 1000   394       556        50    8.9%
 1000   443      3133      2350   75.0%
 1000   492     566.5      18.5    3.2%
 1000   541     620.5      39.5    6.3%
 1000   590       616        31    5.0%
 1000   639      3875      3289   84.8%
 1000   688      8165      7614   93.2%
 1000   737      6862      6242   90.9%
 1000   786      5787      5227   90.3%
 1000   835       414         3    0.7%
 1000   884       599        55    9.1%
 1000   933       590        41    6.9%
 1000   982       581         4    0.6%

Quality and confidence:
param     error
u         1.705
e         1.707

Model:
Time ~=     3357
    + u        0
    + e    0.298
              µs

