Pallet: "balances", Extrinsic: "set_balance", Lowest values: [], Highest values: [], Steps: [20], Repeat: 20
u,e,extrinsic_time,storage_root_time
1,1000,377000,127000
1,1000,161000,115000
1,1000,359000,109000
1,1000,358000,108000
1,1000,316000,109000
1,1000,409000,129000
1,1000,428000,128000
1,1000,360000,110000
1,1000,371000,117000
1,1000,422000,127000
1,1000,416000,139000
1,1000,365000,7172000
1,1000,380000,117000
1,1000,157000,11133000
1,1000,371000,125000
1,1000,360000,109000
1,1000,177000,140000
1,1000,360000,107000
1,1000,381000,116000
1,1000,359000,107000
50,1000,139000,97000
50,1000,356000,97000
50,1000,353000,99000
50,1000,398000,120000
50,1000,374000,110000
50,1000,422000,122000
50,1000,351000,97000
50,1000,142000,96000
50,1000,388000,133000
50,1000,143000,96000
50,1000,143000,98000
50,1000,339000,95000
50,1000,143000,97000
50,1000,357000,97000
50,1000,11729000,122000
50,1000,411000,117000
50,1000,366000,111000
50,1000,144000,98000
50,1000,353000,99000
50,1000,143000,98000
99,1000,408000,130000
99,1000,369000,131000
99,1000,311000,106000
99,1000,359000,107000
99,1000,144000,104000
99,1000,156000,107000
99,1000,19530000,139000
99,1000,154000,107000
99,1000,398000,133000
99,1000,152000,108000
99,1000,355000,109000
99,1000,403000,123000
99,1000,412000,128000
99,1000,151000,107000
99,1000,352000,108000
99,1000,144000,103000
99,1000,382000,130000
99,1000,233000,148000
99,1000,164000,106000
99,1000,416000,130000
148,1000,340000,104000
148,1000,147000,107000
148,1000,357000,115000
148,1000,334000,105000
148,1000,387000,125000
148,1000,414000,129000
148,1000,355000,107000
148,1000,144000,107000
148,1000,369000,123000
148,1000,328000,104000
148,1000,355000,108000
148,1000,400000,130000
148,1000,363000,129000
148,1000,340000,113000
148,1000,341000,18146000
148,1000,414000,144000
148,1000,144000,104000
148,1000,410000,129000
148,1000,576000,144000
148,1000,392000,114000
197,1000,141000,105000
197,1000,407000,130000
197,1000,393000,139000
197,1000,339000,105000
197,1000,365000,113000
197,1000,417000,131000
197,1000,406000,138000
197,1000,384000,123000
197,1000,337000,107000
197,1000,348000,109000
197,1000,353000,106000
197,1000,414000,130000
197,1000,142000,103000
197,1000,404000,124000
197,1000,139000,105000
197,1000,401000,128000
197,1000,417000,8987000
197,1000,358000,108000
197,1000,379000,125000
197,1000,370000,108000
246,1000,409000,128000
246,1000,148000,107000
246,1000,145000,104000
246,1000,346000,106000
246,1000,189000,128000
246,1000,145000,104000
246,1000,360000,107000
246,1000,413000,130000
246,1000,149000,104000
246,1000,147000,108000
246,1000,375000,119000
246,1000,150000,106000
246,1000,420000,133000
246,1000,143000,107000
246,1000,147000,105000
246,1000,353000,108000
246,1000,145000,105000
246,1000,338000,105000
246,1000,417000,126000
246,1000,145000,104000
295,1000,413000,115000
295,1000,151000,98000
295,1000,148000,13532000
295,1000,364000,103000
295,1000,415000,118000
295,1000,145000,100000
295,1000,347000,95000
295,1000,400000,109000
295,1000,357000,98000
295,1000,378000,113000
295,1000,377000,117000
295,1000,365000,106000
295,1000,392000,118000
295,1000,4824000,107000
295,1000,381000,111000
295,1000,389000,126000
295,1000,361000,102000
295,1000,355000,97000
295,1000,350000,99000
295,1000,359000,102000
344,1000,410000,136000
344,1000,409000,132000
344,1000,359000,108000
344,1000,150000,105000
344,1000,362000,107000
344,1000,342000,107000
344,1000,151000,111000
344,1000,359000,113000
344,1000,375000,127000
344,1000,355000,112000
344,1000,400000,126000
344,1000,357000,107000
344,1000,171000,125000
344,1000,387000,125000
344,1000,146000,106000
344,1000,418000,145000
344,1000,412000,143000
344,1000,351000,114000
344,1000,6439000,109000
344,1000,157000,3961000
393,1000,409000,123000
393,1000,145000,97000
393,1000,355000,99000
393,1000,382000,107000
393,1000,143000,97000
393,1000,409000,119000
393,1000,216000,131000
393,1000,383000,118000
393,1000,142000,98000
393,1000,226000,137000
393,1000,426000,121000
393,1000,358000,101000
393,1000,149000,100000
393,1000,412000,118000
393,1000,362000,101000
393,1000,148000,100000
393,1000,363000,102000
393,1000,468000,135000
393,1000,355000,96000
393,1000,356000,116000
442,1000,378000,106000
442,1000,17709000,127000
442,1000,8478000,103000
442,1000,360000,99000
442,1000,12150000,115000
442,1000,411000,119000
442,1000,146000,99000
442,1000,341000,101000
442,1000,407000,118000
442,1000,479000,136000
442,1000,427000,117000
442,1000,149000,98000
442,1000,375000,131000
442,1000,147000,101000
442,1000,382000,103000
442,1000,444000,121000
442,1000,411000,118000
442,1000,150000,100000
442,1000,298000,96000
442,1000,340000,97000
491,1000,396000,122000
491,1000,389000,128000
491,1000,378000,143000
491,1000,245000,163000
491,1000,392000,123000
491,1000,414000,122000
491,1000,328000,109000
491,1000,164000,113000
491,1000,362000,107000
491,1000,401000,128000
491,1000,391000,125000
491,1000,378000,123000
491,1000,151000,108000
491,1000,149000,106000
491,1000,350000,107000
491,1000,157000,110000
491,1000,152000,106000
491,1000,152000,14576000
491,1000,294000,109000
491,1000,149000,107000
540,1000,415000,131000
540,1000,142000,106000
540,1000,374000,115000
540,1000,151000,109000
540,1000,389000,145000
540,1000,141000,104000
540,1000,415000,134000
540,1000,145000,105000
540,1000,359000,115000
540,1000,344000,114000
540,1000,352000,108000
540,1000,365000,106000
540,1000,401000,127000
540,1000,376000,127000
540,1000,143000,106000
540,1000,428000,128000
540,1000,336000,106000
540,1000,313000,105000
540,1000,358000,107000
540,1000,403000,120000
589,1000,354000,107000
589,1000,403000,127000
589,1000,297000,108000
589,1000,407000,130000
589,1000,147000,111000
589,1000,314000,109000
589,1000,350000,111000
589,1000,148000,103000
589,1000,383000,130000
589,1000,149000,107000
589,1000,155000,107000
589,1000,382000,123000
589,1000,426000,126000
589,1000,156000,108000
589,1000,377000,108000
589,1000,7706000,136000
589,1000,156000,108000
589,1000,157000,114000
589,1000,424000,132000
589,1000,153000,109000
638,1000,379000,125000
638,1000,414000,134000
638,1000,373000,118000
638,1000,155000,113000
638,1000,374000,134000
638,1000,174000,127000
638,1000,362000,112000
638,1000,156000,110000
638,1000,15044000,147000
638,1000,9189000,141000
638,1000,530000,188000
638,1000,361000,120000
638,1000,369000,115000
638,1000,412000,126000
638,1000,161000,117000
638,1000,378000,111000
638,1000,405000,128000
638,1000,153000,111000
638,1000,357000,111000
638,1000,419000,133000
687,1000,334000,104000
687,1000,376000,113000
687,1000,369000,110000
687,1000,174000,111000
687,1000,6811000,115000
687,1000,365000,111000
687,1000,147000,106000
687,1000,354000,107000
687,1000,148000,106000
687,1000,146000,107000
687,1000,155000,109000
687,1000,488000,158000
687,1000,174000,123000
687,1000,175000,108000
687,1000,163000,112000
687,1000,417000,124000
687,1000,359000,114000
687,1000,376000,108000
687,1000,151000,111000
687,1000,328000,117000
736,1000,163000,108000
736,1000,359000,107000
736,1000,145000,104000
736,1000,144000,103000
736,1000,366000,116000
736,1000,413000,142000
736,1000,354000,121000
736,1000,401000,107000
736,1000,150000,106000
736,1000,13319000,144000
736,1000,359000,114000
736,1000,144000,104000
736,1000,348000,108000
736,1000,357000,105000
736,1000,354000,105000
736,1000,361000,110000
736,1000,149000,106000
736,1000,143000,106000
736,1000,401000,129000
736,1000,375000,112000
785,1000,402000,118000
785,1000,414000,124000
785,1000,155000,108000
785,1000,530000,153000
785,1000,148000,106000
785,1000,147000,105000
785,1000,417000,133000
785,1000,359000,106000
785,1000,148000,106000
785,1000,417000,130000
785,1000,298000,106000
785,1000,383000,124000
785,1000,13771000,121000
785,1000,153000,109000
785,1000,360000,113000
785,1000,373000,111000
785,1000,506000,128000
785,1000,315000,121000
785,1000,338000,106000
785,1000,356000,107000
834,1000,383000,107000
834,1000,366000,107000
834,1000,337000,115000
834,1000,434000,128000
834,1000,149000,109000
834,1000,332000,106000
834,1000,385000,111000
834,1000,428000,133000
834,1000,351000,118000
834,1000,147000,106000
834,1000,328000,124000
834,1000,152000,109000
834,1000,151000,108000
834,1000,146000,104000
834,1000,287000,107000
834,1000,394000,117000
834,1000,412000,128000
834,1000,360000,114000
834,1000,153000,112000
834,1000,407000,132000
883,1000,337000,96000
883,1000,362000,116000
883,1000,355000,95000
883,1000,309000,96000
883,1000,141000,96000
883,1000,307000,96000
883,1000,142000,94000
883,1000,313000,100000
883,1000,1326000,427000
883,1000,1440000,56622000
883,1000,1364000,429000
883,1000,1414000,429000
883,1000,333000,101000
883,1000,392000,121000
883,1000,143000,97000
883,1000,1970000,603000
883,1000,1382000,431000
883,1000,1254000,415000
883,1000,1363000,422000
883,1000,494000,183000
932,1000,10568000,143000
932,1000,367000,140000
932,1000,395000,119000
932,1000,305000,10047000
932,1000,311000,115000
932,1000,396000,128000
932,1000,338000,112000
932,1000,398000,134000
932,1000,387000,138000
932,1000,150000,111000
932,1000,357000,110000
932,1000,312000,118000
932,1000,157000,117000
932,1000,369000,114000
932,1000,374000,116000
932,1000,359000,116000
932,1000,325000,113000
932,1000,360000,113000
932,1000,155000,6348000
932,1000,359000,112000
981,1000,154000,112000
981,1000,151000,111000
981,1000,365000,114000
981,1000,362000,115000
981,1000,151000,111000
981,1000,153000,112000
981,1000,368000,113000
981,1000,319000,111000
981,1000,16675000,123000
981,1000,323000,118000
981,1000,157000,114000
981,1000,153000,113000
981,1000,156000,116000
981,1000,355000,114000
981,1000,151000,110000
981,1000,361000,114000
981,1000,408000,115000
981,1000,375000,114000
981,1000,151000,113000
981,1000,365000,114000
1000,2,146000,105000
1000,2,374000,130000
1000,2,8158000,142000
1000,2,353000,134000
1000,2,329000,123000
1000,2,355000,131000
1000,2,401000,133000
1000,2,344000,116000
1000,2,385000,129000
1000,2,345000,122000
1000,2,413000,130000
1000,2,402000,186000
1000,2,155000,109000
1000,2,411000,131000
1000,2,11514000,113000
1000,2,388000,124000
1000,2,403000,136000
1000,2,11851000,140000
1000,2,406000,129000
1000,2,359000,109000
1000,51,301000,107000
1000,51,409000,118000
1000,51,351000,129000
1000,51,337000,128000
1000,51,423000,130000
1000,51,377000,119000
1000,51,416000,125000
1000,51,408000,131000
1000,51,156000,114000
1000,51,320000,110000
1000,51,412000,127000
1000,51,364000,128000
1000,51,364000,172000
1000,51,350000,132000
1000,51,415000,130000
1000,51,360000,130000
1000,51,339000,131000
1000,51,402000,127000
1000,51,343000,128000
1000,51,403000,127000
1000,100,401000,133000
1000,100,358000,132000
1000,100,328000,131000
1000,100,406000,133000
1000,100,330000,114000
1000,100,407000,130000
1000,100,450000,130000
1000,100,383000,143000
1000,100,398000,129000
1000,100,304000,105000
1000,100,354000,125000
1000,100,379000,110000
1000,100,412000,129000
1000,100,396000,133000
1000,100,426000,134000
1000,100,414000,129000
1000,100,407000,134000
1000,100,368000,128000
1000,100,346000,118000
1000,100,421000,127000
1000,149,307000,109000
1000,149,360000,129000
1000,149,406000,128000
1000,149,383000,130000
1000,149,363000,121000
1000,149,412000,7541000
1000,149,388000,132000
1000,149,411000,130000
1000,149,423000,135000
1000,149,351000,109000
1000,149,336000,105000
1000,149,395000,128000
1000,149,409000,131000
1000,149,397000,134000
1000,149,360000,110000
1000,149,361000,127000
1000,149,367000,112000
1000,149,390000,133000
1000,149,517000,180000
1000,149,502000,175000
1000,198,366000,134000
1000,198,369000,131000
1000,198,351000,126000
1000,198,282000,105000
1000,198,363000,128000
1000,198,417000,129000
1000,198,414000,133000
1000,198,402000,127000
1000,198,337000,122000
1000,198,388000,130000
1000,198,319000,106000
1000,198,412000,130000
1000,198,509000,186000
1000,198,360000,134000
1000,198,356000,129000
1000,198,387000,131000
1000,198,407000,142000
1000,198,344000,114000
1000,198,391000,124000
1000,198,150000,106000
1000,247,418000,124000
1000,247,350000,105000
1000,247,399000,124000
1000,247,350000,110000
1000,247,5180000,110000
1000,247,151000,107000
1000,247,152000,4990000
1000,247,151000,107000
1000,247,360000,110000
1000,247,364000,109000
1000,247,403000,130000
1000,247,358000,107000
1000,247,347000,106000
1000,247,364000,113000
1000,247,151000,106000
1000,247,150000,106000
1000,247,360000,112000
1000,247,161000,113000
1000,247,312000,108000
1000,247,366000,112000
1000,296,355000,111000
1000,296,302000,107000
1000,296,297000,114000
1000,296,442000,158000
1000,296,148000,107000
1000,296,363000,108000
1000,296,413000,124000
1000,296,399000,133000
1000,296,486000,183000
1000,296,503000,182000
1000,296,432000,183000
1000,296,371000,138000
1000,296,351000,130000
1000,296,352000,129000
1000,296,381000,120000
1000,296,402000,129000
1000,296,400000,125000
1000,296,331000,109000
1000,296,387000,133000
1000,296,400000,126000
1000,345,383000,130000
1000,345,347000,128000
1000,345,379000,122000
1000,345,368000,132000
1000,345,411000,136000
1000,345,322000,113000
1000,345,402000,129000
1000,345,360000,126000
1000,345,300000,107000
1000,345,341000,128000
1000,345,355000,128000
1000,345,348000,127000
1000,345,297000,108000
1000,345,344000,118000
1000,345,6391000,125000
1000,345,393000,130000
1000,345,343000,128000
1000,345,298000,114000
1000,345,356000,133000
1000,345,317000,105000
1000,394,369000,130000
1000,394,354000,111000
1000,394,403000,129000
1000,394,342000,110000
1000,394,157000,113000
1000,394,335000,120000
1000,394,341000,106000
1000,394,4097000,112000
1000,394,408000,123000
1000,394,407000,131000
1000,394,10105000,119000
1000,394,436000,178000
1000,394,357000,127000
1000,394,406000,128000
1000,394,369000,128000
1000,394,413000,127000
1000,394,437000,145000
1000,394,395000,146000
1000,394,145000,105000
1000,394,361000,106000
1000,443,348000,108000
1000,443,356000,107000
1000,443,359000,105000
1000,443,344000,105000
1000,443,349000,108000
1000,443,342000,104000
1000,443,373000,140000
1000,443,351000,104000
1000,443,147000,107000
1000,443,348000,103000
1000,443,385000,111000
1000,443,352000,106000
1000,443,151000,104000
1000,443,14305000,113000
1000,443,6993000,114000
1000,443,152000,109000
1000,443,340000,105000
1000,443,347000,105000
1000,443,316000,105000
1000,443,369000,111000
1000,492,142000,105000
1000,492,465000,117000
1000,492,354000,106000
1000,492,140000,103000
1000,492,402000,121000
1000,492,343000,114000
1000,492,340000,105000
1000,492,148000,105000
1000,492,9500000,154000
1000,492,635000,231000
1000,492,298000,105000
1000,492,338000,104000
1000,492,347000,107000
1000,492,338000,103000
1000,492,289000,106000
1000,492,295000,104000
1000,492,141000,104000
1000,492,143000,104000
1000,492,323000,112000
1000,492,362000,112000
1000,541,359000,110000
1000,541,367000,107000
1000,541,1393000,74531000
1000,541,1398000,457000
1000,541,1376000,465000
1000,541,358000,111000
1000,541,451000,122000
1000,541,413000,153000
1000,541,388000,124000
1000,541,360000,107000
1000,541,468000,136000
1000,541,379000,110000
1000,541,155000,112000
1000,541,412000,132000
1000,541,381000,8930000
1000,541,368000,121000
1000,541,351000,111000
1000,541,318000,115000
1000,541,346000,132000
1000,541,353000,107000
1000,590,362000,108000
1000,590,369000,137000
1000,590,380000,148000
1000,590,350000,106000
1000,590,6716000,114000
1000,590,159000,6305000
1000,590,360000,111000
1000,590,360000,111000
1000,590,362000,109000
1000,590,173000,108000
1000,590,450000,147000
1000,590,530000,195000
1000,590,384000,146000
1000,590,152000,106000
1000,590,150000,108000
1000,590,155000,105000
1000,590,149000,107000
1000,590,156000,108000
1000,590,292000,107000
1000,590,363000,108000
1000,639,152000,111000
1000,639,148000,105000
1000,639,148000,107000
1000,639,363000,109000
1000,639,148000,105000
1000,639,353000,109000
1000,639,339000,106000
1000,639,147000,104000
1000,639,157000,109000
1000,639,158000,111000
1000,639,329000,119000
1000,639,343000,107000
1000,639,349000,110000
1000,639,147000,109000
1000,639,362000,109000
1000,639,360000,111000
1000,639,145000,107000
1000,639,307000,107000
1000,639,360000,108000
1000,639,147000,105000
1000,688,341000,106000
1000,688,406000,128000
1000,688,153000,107000
1000,688,324000,108000
1000,688,149000,110000
1000,688,355000,106000
1000,688,361000,111000
1000,688,294000,105000
1000,688,300000,105000
1000,688,149000,106000
1000,688,147000,105000
1000,688,147000,104000
1000,688,149000,104000
1000,688,342000,105000
1000,688,364000,107000
1000,688,5687000,109000
1000,688,290000,107000
1000,688,340000,108000
1000,688,371000,112000
1000,688,151000,108000
1000,737,376000,122000
1000,737,322000,92000
1000,737,148000,104000
1000,737,328000,107000
1000,737,149000,106000
1000,737,146000,106000
1000,737,358000,106000
1000,737,151000,108000
1000,737,364000,111000
1000,737,152000,106000
1000,737,7566000,110000
1000,737,360000,108000
1000,737,223000,141000
1000,737,348000,102000
1000,737,146000,106000
1000,737,148000,106000
1000,737,145000,105000
1000,737,148000,105000
1000,737,387000,114000
1000,737,360000,108000
1000,786,365000,110000
1000,786,158000,113000
1000,786,371000,107000
1000,786,152000,107000
1000,786,365000,113000
1000,786,342000,112000
1000,786,150000,107000
1000,786,358000,111000
1000,786,303000,106000
1000,786,149000,104000
1000,786,475000,171000
1000,786,150000,105000
1000,786,150000,106000
1000,786,6941000,109000
1000,786,378000,9839000
1000,786,153000,110000
1000,786,369000,105000
1000,786,373000,107000
1000,786,150000,106000
1000,786,150000,105000
1000,835,369000,109000
1000,835,143000,104000
1000,835,365000,123000
1000,835,302000,110000
1000,835,371000,107000
1000,835,150000,105000
1000,835,451000,131000
1000,835,363000,109000
1000,835,322000,116000
1000,835,367000,106000
1000,835,146000,105000
1000,835,338000,104000
1000,835,146000,104000
1000,835,147000,105000
1000,835,149000,105000
1000,835,154000,110000
1000,835,361000,108000
1000,835,309000,105000
1000,835,301000,113000
1000,835,152000,107000
1000,884,419000,129000
1000,884,350000,123000
1000,884,366000,111000
1000,884,350000,109000
1000,884,379000,115000
1000,884,361000,108000
1000,884,351000,106000
1000,884,147000,105000
1000,884,148000,106000
1000,884,156000,112000
1000,884,152000,105000
1000,884,10550000,140000
1000,884,300000,108000
1000,884,149000,110000
1000,884,381000,110000
1000,884,146000,108000
1000,884,149000,107000
1000,884,149000,109000
1000,884,150000,107000
1000,884,146000,106000
1000,933,343000,105000
1000,933,355000,104000
1000,933,568000,149000
1000,933,402000,125000
1000,933,18900000,117000
1000,933,154000,109000
1000,933,155000,112000
1000,933,379000,112000
1000,933,541000,170000
1000,933,154000,108000
1000,933,151000,105000
1000,933,368000,107000
1000,933,365000,108000
1000,933,363000,108000
1000,933,361000,107000
1000,933,365000,110000
1000,933,389000,115000
1000,933,446000,145000
1000,933,154000,108000
1000,933,10925000,121000
1000,982,344000,110000
1000,982,371000,108000
1000,982,350000,104000
1000,982,148000,104000
1000,982,359000,108000
1000,982,339000,106000
1000,982,364000,107000
1000,982,147000,106000
1000,982,364000,105000
1000,982,348000,107000
1000,982,154000,109000
1000,982,407000,222000
1000,982,151000,108000
1000,982,154000,110000
1000,982,148000,106000
1000,982,328000,105000
1000,982,148000,105000
1000,982,364000,106000
1000,982,148000,105000
1000,982,359000,108000

Median Slopes Analysis
========

Model:
Time ~=    424.3
    + u        0
    + e        0
              µs

Min Squares Analysis
========

Data points distribution:
    u     e   mean µs  sigma µs       %
    1  1000     366.2     7.573    2.0%
   50  1000     313.6     85.49   27.2%
   99  1000     307.9     85.74   27.8%
  148  1000     359.9      17.5    4.8%
  197  1000     375.5     18.87    5.0%
  246  1000     232.7     96.03   41.2%
  295  1000     368.6      11.1    3.0%
  344  1000     364.7     16.66    4.5%
  393  1000     335.6     58.16   17.3%
  442  1000     383.2     28.82    7.5%
  491  1000     304.5     83.07   27.2%
  540  1000     356.6     20.76    5.8%
  589  1000     292.6     93.02   31.7%
  638  1000       377     17.27    4.5%
  687  1000     279.5     89.03   31.8%
  736  1000     317.1     80.47   25.3%
  785  1000     359.8     34.27    9.5%
  834  1000     328.2     64.55   19.6%
  883  1000     652.9     436.2   66.8%
  932  1000       352     19.26    5.4%
  981  1000     270.5     95.45   35.2%
 1000     2     382.6     19.95    5.2%
 1000    51     372.2     22.84    6.1%
 1000   100     390.3     16.52    4.2%
 1000   149     385.9     16.35    4.2%
 1000   198     373.3      16.4    4.3%
 1000   247     332.6     58.99   17.7%
 1000   296       381     18.61    4.8%
 1000   345     354.1     11.56    3.2%
 1000   394     382.9      21.6    5.6%
 1000   443     349.6     4.882    1.3%
 1000   492     326.5     22.62    6.9%
 1000   541     378.5     19.47    5.1%
 1000   590       315     77.42   24.5%
 1000   639       243     91.04   37.4%
 1000   688       289     71.68   24.8%
 1000   737     253.9     92.31   36.3%
 1000   786     271.5     98.18   36.1%
 1000   835     275.2     83.23   30.2%
 1000   884     246.8     96.83   39.2%
 1000   933       369      16.1    4.3%
 1000   982     288.6     89.18   30.9%

Quality and confidence:
param     error
u          0.02
e          0.02

Model:
Time ~=    396.6
    + u        0
    + e        0
              µs

